{
 "cells": [
  {
   "cell_type": "code",
   "execution_count": 1,
   "metadata": {},
   "outputs": [],
   "source": [
    "import sys\n",
    "sys.path.append('../saerch')\n",
    "import family\n",
    "import json\n",
    "import numpy as np\n",
    "import plotly.graph_objects as go\n",
    "from plotly.subplots import make_subplots\n",
    "import matrix\n",
    "import plotly.io as pio\n",
    "%load_ext autoreload\n",
    "%autoreload 2\n",
    "import numpy as np\n",
    "import json\n",
    "import matplotlib.pyplot as plt\n",
    "from torch.utils.data import DataLoader, TensorDataset\n",
    "import torch"
   ]
  },
  {
   "cell_type": "markdown",
   "metadata": {},
   "source": [
    "# feature family heatmap"
   ]
  },
  {
   "cell_type": "code",
   "execution_count": 74,
   "metadata": {},
   "outputs": [
    {
     "name": "stdout",
     "output_type": "stream",
     "text": [
      "271492 3072\n",
      "271492 3072\n",
      "271492 6144\n",
      "271492 6144\n",
      "271492 9216\n",
      "271492 9216\n"
     ]
    }
   ],
   "source": [
    "mode = 'epoch_astroPH_old'\n",
    "SAE_DATA_DIR = '../saerch/sae_data_{}/'.format('astroPH')\n",
    "DATA_DIR = '../data/vector_store_astroPH/'\n",
    "\n",
    "abstract_embeddings = np.load(DATA_DIR + \"/abstract_embeddings.npy\")\n",
    "abstract_embeddings = abstract_embeddings.astype(np.float32)\n",
    "abstract_texts = json.load(open(DATA_DIR + '/abstract_texts.json'))['abstracts']\n",
    "\n",
    "dataset = TensorDataset(torch.from_numpy(abstract_embeddings))\n",
    "dataloader = DataLoader(dataset, batch_size=1024, shuffle=False)\n",
    "num_abstracts = len(abstract_embeddings)\n",
    "\n",
    "model_16_a = family.Model(sae_data_dir = SAE_DATA_DIR, model_path = '../models/16_3072_24_auxk_{}_50.pth'.format(mode), autointerp_results = 'feature_analysis_results_16.json',\n",
    "                          dataloader = dataloader, num_abstracts = num_abstracts)\n",
    "model_32_a = family.Model(sae_data_dir = SAE_DATA_DIR, model_path = '../models/32_6144_48_auxk_{}_50.pth'.format(mode),  autointerp_results = 'feature_analysis_results_32.json',\n",
    "                          dataloader = dataloader, num_abstracts = num_abstracts)\n",
    "model_64_a = family.Model(sae_data_dir = SAE_DATA_DIR, model_path = '../models/64_9216_128_auxk_{}_50.pth'.format(mode),autointerp_results = 'feature_analysis_results_64.json',\n",
    "                          dataloader = dataloader, num_abstracts = num_abstracts)"
   ]
  },
  {
   "cell_type": "code",
   "execution_count": 75,
   "metadata": {},
   "outputs": [],
   "source": [
    "families_64_a = model_64_a.load_all_families()"
   ]
  },
  {
   "cell_type": "code",
   "execution_count": 5,
   "metadata": {},
   "outputs": [
    {
     "name": "stdout",
     "output_type": "stream",
     "text": [
      "153146 3072\n",
      "153146 3072\n",
      "153146 6144\n",
      "153146 6144\n",
      "153146 9216\n",
      "153146 9216\n"
     ]
    }
   ],
   "source": [
    "mode = 'csLG_epoch'\n",
    "SAE_DATA_DIR = '../saerch/sae_data_{}/'.format('csLG')\n",
    "DATA_DIR = '../data/vector_store_csLG/'\n",
    "\n",
    "abstract_embeddings = np.load(DATA_DIR + \"/abstract_embeddings.npy\")\n",
    "abstract_embeddings = abstract_embeddings.astype(np.float32)\n",
    "abstract_texts = json.load(open(DATA_DIR + '/abstract_texts.json'))['abstracts']\n",
    "\n",
    "dataset = TensorDataset(torch.from_numpy(abstract_embeddings))\n",
    "dataloader = DataLoader(dataset, batch_size=1024, shuffle=False)\n",
    "num_abstracts = len(abstract_embeddings)\n",
    "\n",
    "model_16_c = family.Model(sae_data_dir = SAE_DATA_DIR, model_path = '../models/16_3072_32_auxk_{}_88.pth'.format(mode), \n",
    "                       autointerp_results = 'feature_analysis_results_16.json', dataloader = dataloader, num_abstracts = num_abstracts)\n",
    "\n",
    "model_32_c = family.Model(sae_data_dir = SAE_DATA_DIR, model_path = '../models/32_6144_64_auxk_{}_88.pth'.format(mode),\n",
    "                        autointerp_results = 'feature_analysis_results_32.json', dataloader = dataloader, num_abstracts = num_abstracts)\n",
    "\n",
    "model_64_c = family.Model(sae_data_dir = SAE_DATA_DIR, model_path = '../models/64_9216_128_auxk_{}_88.pth'.format(mode), \n",
    "                           autointerp_results = 'feature_analysis_results_64.json', dataloader = dataloader, num_abstracts = num_abstracts)"
   ]
  },
  {
   "cell_type": "code",
   "execution_count": 7,
   "metadata": {},
   "outputs": [],
   "source": [
    "families_64_c = model_64_c.load_all_families()"
   ]
  },
  {
   "cell_type": "code",
   "execution_count": 6,
   "metadata": {},
   "outputs": [],
   "source": [
    "def make_single_heatmap(parent, model, display = 'cooc'):\n",
    "    all_names, ids = parent.get_names_and_ids(model)\n",
    "    \n",
    "    norm_mat, ratio = parent.matrix(model, mode = display, return_mat = True)\n",
    "\n",
    "    np.fill_diagonal(norm_mat, 1)\n",
    "\n",
    "    heatmap = go.Heatmap(\n",
    "        z=norm_mat,\n",
    "        x=all_names,\n",
    "        y=all_names,\n",
    "        hoverongaps=False,\n",
    "        hovertemplate='Name: %{x} <br> %{y} <br> %{z}'\n",
    "    )\n",
    "\n",
    "    # Create the figure\n",
    "    fig = go.Figure(data=[heatmap])\n",
    "\n",
    "    # Update layout for better readability and show only parent labels\n",
    "    fig.update_layout(\n",
    "        width=680,\n",
    "        height=600,\n",
    "        yaxis = dict(scaleanchor = 'x'),\n",
    "        plot_bgcolor='rgba(0,0,0,0)',\n",
    "        margin=dict(l=20, r=20, t=20, b=20),\n",
    "    )\n",
    "    \n",
    "    fig.show()\n",
    "    "
   ]
  },
  {
   "cell_type": "code",
   "execution_count": 200,
   "metadata": {},
   "outputs": [],
   "source": [
    "fam = families_64_c['Gradient Descent Variants and Applications']\n",
    "mat, val = fam.matrix(return_mat = True, model = model_64_c)\n",
    "mat[mat < 0.07] = 0\n",
    "mat[mat < 0.07] = 0\n",
    "mat = np.round(mat, 2)\n",
    "\n",
    "clean_labels_subset = {x[0]: model_64_c.clean_labels[x[0]] for x in fam.children}\n",
    "clean_labels_subset[fam.parent[0]] = model_64_c.clean_labels[fam.parent[0]]"
   ]
  },
  {
   "cell_type": "code",
   "execution_count": 201,
   "metadata": {},
   "outputs": [
    {
     "data": {
      "text/plain": [
       "<networkx.classes.digraph.DiGraph at 0x7f8d80a2d3c0>"
      ]
     },
     "execution_count": 201,
     "metadata": {},
     "output_type": "execute_result"
    }
   ],
   "source": [
    "matrix.make_graph(mat, clean_labels_subset, filename = 'learning.graphml')"
   ]
  },
  {
   "cell_type": "code",
   "execution_count": 194,
   "metadata": {},
   "outputs": [
    {
     "data": {
      "text/plain": [
       "[[\"Newton's Method in Optimization\", 700],\n",
       " ['Stochastic Variance Reduced Gradient (SVRG)', 934],\n",
       " ['Step Size Adaptation in Optimization', 998],\n",
       " ['Preconditioning Techniques', 1083],\n",
       " ['Adam and RMSProp optimization algorithms', 1460],\n",
       " ['Dual Coordinate Ascent in ML', 2243],\n",
       " ['Coordinate Descent and Minimax Optimization', 2560],\n",
       " ['Escaping saddle points in optimization', 3381],\n",
       " ['Adam optimization algorithm', 3535],\n",
       " ['Mirror Descent and its applications', 4262],\n",
       " ['Learning rate in neural networks', 4647],\n",
       " ['SAGA algorithm and its variants', 5039],\n",
       " ['Momentum in optimization algorithms', 5176],\n",
       " ['Coordinate Descent Optimization Techniques', 5820],\n",
       " ['Polyak step size in optimization', 6031],\n",
       " ['Derivatives in Machine Learning', 6149],\n",
       " ['RMSProp in neural network optimization', 6404]]"
      ]
     },
     "execution_count": 194,
     "metadata": {},
     "output_type": "execute_result"
    }
   ],
   "source": [
    "families_64_c['Gradient Descent Variants and Applications'].children\n",
    "# Emotion recognition and analysis"
   ]
  },
  {
   "cell_type": "code",
   "execution_count": 195,
   "metadata": {},
   "outputs": [
    {
     "data": {
      "application/vnd.plotly.v1+json": {
       "config": {
        "plotlyServerURL": "https://plot.ly"
       },
       "data": [
        {
         "hoverongaps": false,
         "hovertemplate": "Name: %{x} <br> %{y} <br> %{z}",
         "type": "heatmap",
         "x": [
          "Newton's Method in Optimization",
          "Stochastic Variance Reduced Gradient (SVRG)",
          "Step Size Adaptation in Optimization",
          "Preconditioning Techniques",
          "Adam and RMSProp optimization algorithms",
          "Dual Coordinate Ascent in ML",
          "Coordinate Descent and Minimax Optimization",
          "Escaping saddle points in optimization",
          "Adam optimization algorithm",
          "Mirror Descent and its applications",
          "Learning rate in neural networks",
          "SAGA algorithm and its variants",
          "Momentum in optimization algorithms",
          "Coordinate Descent Optimization Techniques",
          "Polyak step size in optimization",
          "Derivatives in Machine Learning",
          "RMSProp in neural network optimization",
          "Gradient Descent Variants and Applications"
         ],
         "y": [
          "Newton's Method in Optimization",
          "Stochastic Variance Reduced Gradient (SVRG)",
          "Step Size Adaptation in Optimization",
          "Preconditioning Techniques",
          "Adam and RMSProp optimization algorithms",
          "Dual Coordinate Ascent in ML",
          "Coordinate Descent and Minimax Optimization",
          "Escaping saddle points in optimization",
          "Adam optimization algorithm",
          "Mirror Descent and its applications",
          "Learning rate in neural networks",
          "SAGA algorithm and its variants",
          "Momentum in optimization algorithms",
          "Coordinate Descent Optimization Techniques",
          "Polyak step size in optimization",
          "Derivatives in Machine Learning",
          "RMSProp in neural network optimization",
          "Gradient Descent Variants and Applications"
         ],
         "z": [
          [
           1,
           0.017964073,
           0.005988024,
           0.0149700595,
           0.038922157,
           0.008982036,
           0.038922157,
           0.005988024,
           0.068862274,
           0.023952097,
           0.026946107,
           0.06287425,
           0.020958085,
           0.032934133,
           0.008982036,
           0.020958085,
           0.0748503,
           0.48203593
          ],
          [
           0.017964073,
           1,
           0.0026455026,
           0.007936508,
           0.01058201,
           0.005291005,
           0.01058201,
           0.015873017,
           0.018518519,
           0.013227513,
           0.05026455,
           0.05820106,
           0.01058201,
           0.023809524,
           0.023809524,
           0.044973545,
           0.02910053,
           0.42592594
          ],
          [
           0.005988024,
           0.0026455026,
           1,
           0.0023474179,
           0.018779343,
           0.01173709,
           0.0093896715,
           0.025821596,
           0.0046948357,
           0.0093896715,
           0.10093897,
           0.018779343,
           0.01173709,
           0.02347418,
           0.016431924,
           0.02347418,
           0.03521127,
           0.4976526
          ],
          [
           0.0149700595,
           0.007936508,
           0.0023474179,
           1,
           0.0023148148,
           0.018518519,
           0.0069444445,
           0.009259259,
           0.016203703,
           0.13194445,
           0.016203703,
           0.009259259,
           0.011574074,
           0.0069444445,
           0,
           0.016203703,
           0.041666668,
           0.33796296
          ],
          [
           0.038922157,
           0.01058201,
           0.018779343,
           0.0023148148,
           1,
           0.02079002,
           0.15384616,
           0.004158004,
           0.14760914,
           0.016632017,
           0.02079002,
           0.012474013,
           0.08316008,
           0.012474013,
           0.01039501,
           0.08523908,
           0.056133058,
           0.35550934
          ],
          [
           0.008982036,
           0.005291005,
           0.01173709,
           0.018518519,
           0.02079002,
           1,
           0.023550725,
           0.009057971,
           0.038043477,
           0.018115941,
           0.04347826,
           0.016304348,
           0.030797102,
           0.009057971,
           0.025362318,
           0.08876812,
           0.07789855,
           0.35144928
          ],
          [
           0.038922157,
           0.01058201,
           0.0093896715,
           0.0069444445,
           0.15384616,
           0.023550725,
           1,
           0.0016863407,
           0.41652614,
           0.011804384,
           0.023608768,
           0.023608768,
           0.109612145,
           0.0151770655,
           0.0033726813,
           0.12984823,
           0.064080946,
           0.4232715
          ],
          [
           0.005988024,
           0.015873017,
           0.025821596,
           0.009259259,
           0.004158004,
           0.009057971,
           0.0016863407,
           1,
           0.010852713,
           0.012403101,
           0.12248062,
           0.012403101,
           0.004651163,
           0.07286822,
           0.012403101,
           0.03255814,
           0.03255814,
           0.32248062
          ],
          [
           0.068862274,
           0.018518519,
           0.0046948357,
           0.016203703,
           0.14760914,
           0.038043477,
           0.41652614,
           0.010852713,
           1,
           0.019145804,
           0.030927835,
           0.05007364,
           0.12518409,
           0.02209131,
           0.005891016,
           0.21207659,
           0.086892486,
           0.622975
          ],
          [
           0.023952097,
           0.013227513,
           0.0093896715,
           0.13194445,
           0.016632017,
           0.018115941,
           0.011804384,
           0.012403101,
           0.019145804,
           1,
           0.030726258,
           0.025139665,
           0.01396648,
           0.026536312,
           0.022346368,
           0.040502794,
           0.06843575,
           0.4622905
          ],
          [
           0.026946107,
           0.05026455,
           0.10093897,
           0.016203703,
           0.02079002,
           0.04347826,
           0.023608768,
           0.12248062,
           0.030927835,
           0.030726258,
           1,
           0.049399197,
           0.036048066,
           0.20961282,
           0.024032043,
           0.0694259,
           0.08411215,
           0.77837116
          ],
          [
           0.06287425,
           0.05820106,
           0.018779343,
           0.009259259,
           0.012474013,
           0.016304348,
           0.023608768,
           0.012403101,
           0.05007364,
           0.025139665,
           0.049399197,
           1,
           0.016607355,
           0.03084223,
           0.021352313,
           0.054567024,
           0.049822062,
           0.46263346
          ],
          [
           0.020958085,
           0.01058201,
           0.01173709,
           0.011574074,
           0.08316008,
           0.030797102,
           0.109612145,
           0.004651163,
           0.12518409,
           0.01396648,
           0.036048066,
           0.016607355,
           1,
           0.01368301,
           0.011402508,
           0.08893957,
           0.11060433,
           0.4937286
          ],
          [
           0.032934133,
           0.023809524,
           0.02347418,
           0.0069444445,
           0.012474013,
           0.009057971,
           0.0151770655,
           0.07286822,
           0.02209131,
           0.026536312,
           0.20961282,
           0.03084223,
           0.01368301,
           1,
           0.019438446,
           0.01835853,
           0.02699784,
           0.38444924
          ],
          [
           0.008982036,
           0.023809524,
           0.016431924,
           0,
           0.01039501,
           0.025362318,
           0.0033726813,
           0.012403101,
           0.005891016,
           0.022346368,
           0.024032043,
           0.021352313,
           0.011402508,
           0.019438446,
           1,
           0.018181818,
           0.013131313,
           0.35858586
          ],
          [
           0.020958085,
           0.044973545,
           0.02347418,
           0.016203703,
           0.08523908,
           0.08876812,
           0.12984823,
           0.03255814,
           0.21207659,
           0.040502794,
           0.0694259,
           0.054567024,
           0.08893957,
           0.01835853,
           0.018181818,
           1,
           0.0499002,
           0.5668663
          ],
          [
           0.0748503,
           0.02910053,
           0.03521127,
           0.041666668,
           0.056133058,
           0.07789855,
           0.064080946,
           0.03255814,
           0.086892486,
           0.06843575,
           0.08411215,
           0.049822062,
           0.11060433,
           0.02699784,
           0.013131313,
           0.0499002,
           1,
           0.5571294
          ],
          [
           0.48203593,
           0.42592594,
           0.4976526,
           0.33796296,
           0.35550934,
           0.35144928,
           0.4232715,
           0.32248062,
           0.622975,
           0.4622905,
           0.77837116,
           0.46263346,
           0.4937286,
           0.38444924,
           0.35858586,
           0.5668663,
           0.5571294,
           1
          ]
         ]
        }
       ],
       "layout": {
        "height": 600,
        "margin": {
         "b": 20,
         "l": 20,
         "r": 20,
         "t": 20
        },
        "plot_bgcolor": "rgba(0,0,0,0)",
        "template": {
         "data": {
          "bar": [
           {
            "error_x": {
             "color": "#2a3f5f"
            },
            "error_y": {
             "color": "#2a3f5f"
            },
            "marker": {
             "line": {
              "color": "#E5ECF6",
              "width": 0.5
             },
             "pattern": {
              "fillmode": "overlay",
              "size": 10,
              "solidity": 0.2
             }
            },
            "type": "bar"
           }
          ],
          "barpolar": [
           {
            "marker": {
             "line": {
              "color": "#E5ECF6",
              "width": 0.5
             },
             "pattern": {
              "fillmode": "overlay",
              "size": 10,
              "solidity": 0.2
             }
            },
            "type": "barpolar"
           }
          ],
          "carpet": [
           {
            "aaxis": {
             "endlinecolor": "#2a3f5f",
             "gridcolor": "white",
             "linecolor": "white",
             "minorgridcolor": "white",
             "startlinecolor": "#2a3f5f"
            },
            "baxis": {
             "endlinecolor": "#2a3f5f",
             "gridcolor": "white",
             "linecolor": "white",
             "minorgridcolor": "white",
             "startlinecolor": "#2a3f5f"
            },
            "type": "carpet"
           }
          ],
          "choropleth": [
           {
            "colorbar": {
             "outlinewidth": 0,
             "ticks": ""
            },
            "type": "choropleth"
           }
          ],
          "contour": [
           {
            "colorbar": {
             "outlinewidth": 0,
             "ticks": ""
            },
            "colorscale": [
             [
              0,
              "#0d0887"
             ],
             [
              0.1111111111111111,
              "#46039f"
             ],
             [
              0.2222222222222222,
              "#7201a8"
             ],
             [
              0.3333333333333333,
              "#9c179e"
             ],
             [
              0.4444444444444444,
              "#bd3786"
             ],
             [
              0.5555555555555556,
              "#d8576b"
             ],
             [
              0.6666666666666666,
              "#ed7953"
             ],
             [
              0.7777777777777778,
              "#fb9f3a"
             ],
             [
              0.8888888888888888,
              "#fdca26"
             ],
             [
              1,
              "#f0f921"
             ]
            ],
            "type": "contour"
           }
          ],
          "contourcarpet": [
           {
            "colorbar": {
             "outlinewidth": 0,
             "ticks": ""
            },
            "type": "contourcarpet"
           }
          ],
          "heatmap": [
           {
            "colorbar": {
             "outlinewidth": 0,
             "ticks": ""
            },
            "colorscale": [
             [
              0,
              "#0d0887"
             ],
             [
              0.1111111111111111,
              "#46039f"
             ],
             [
              0.2222222222222222,
              "#7201a8"
             ],
             [
              0.3333333333333333,
              "#9c179e"
             ],
             [
              0.4444444444444444,
              "#bd3786"
             ],
             [
              0.5555555555555556,
              "#d8576b"
             ],
             [
              0.6666666666666666,
              "#ed7953"
             ],
             [
              0.7777777777777778,
              "#fb9f3a"
             ],
             [
              0.8888888888888888,
              "#fdca26"
             ],
             [
              1,
              "#f0f921"
             ]
            ],
            "type": "heatmap"
           }
          ],
          "heatmapgl": [
           {
            "colorbar": {
             "outlinewidth": 0,
             "ticks": ""
            },
            "colorscale": [
             [
              0,
              "#0d0887"
             ],
             [
              0.1111111111111111,
              "#46039f"
             ],
             [
              0.2222222222222222,
              "#7201a8"
             ],
             [
              0.3333333333333333,
              "#9c179e"
             ],
             [
              0.4444444444444444,
              "#bd3786"
             ],
             [
              0.5555555555555556,
              "#d8576b"
             ],
             [
              0.6666666666666666,
              "#ed7953"
             ],
             [
              0.7777777777777778,
              "#fb9f3a"
             ],
             [
              0.8888888888888888,
              "#fdca26"
             ],
             [
              1,
              "#f0f921"
             ]
            ],
            "type": "heatmapgl"
           }
          ],
          "histogram": [
           {
            "marker": {
             "pattern": {
              "fillmode": "overlay",
              "size": 10,
              "solidity": 0.2
             }
            },
            "type": "histogram"
           }
          ],
          "histogram2d": [
           {
            "colorbar": {
             "outlinewidth": 0,
             "ticks": ""
            },
            "colorscale": [
             [
              0,
              "#0d0887"
             ],
             [
              0.1111111111111111,
              "#46039f"
             ],
             [
              0.2222222222222222,
              "#7201a8"
             ],
             [
              0.3333333333333333,
              "#9c179e"
             ],
             [
              0.4444444444444444,
              "#bd3786"
             ],
             [
              0.5555555555555556,
              "#d8576b"
             ],
             [
              0.6666666666666666,
              "#ed7953"
             ],
             [
              0.7777777777777778,
              "#fb9f3a"
             ],
             [
              0.8888888888888888,
              "#fdca26"
             ],
             [
              1,
              "#f0f921"
             ]
            ],
            "type": "histogram2d"
           }
          ],
          "histogram2dcontour": [
           {
            "colorbar": {
             "outlinewidth": 0,
             "ticks": ""
            },
            "colorscale": [
             [
              0,
              "#0d0887"
             ],
             [
              0.1111111111111111,
              "#46039f"
             ],
             [
              0.2222222222222222,
              "#7201a8"
             ],
             [
              0.3333333333333333,
              "#9c179e"
             ],
             [
              0.4444444444444444,
              "#bd3786"
             ],
             [
              0.5555555555555556,
              "#d8576b"
             ],
             [
              0.6666666666666666,
              "#ed7953"
             ],
             [
              0.7777777777777778,
              "#fb9f3a"
             ],
             [
              0.8888888888888888,
              "#fdca26"
             ],
             [
              1,
              "#f0f921"
             ]
            ],
            "type": "histogram2dcontour"
           }
          ],
          "mesh3d": [
           {
            "colorbar": {
             "outlinewidth": 0,
             "ticks": ""
            },
            "type": "mesh3d"
           }
          ],
          "parcoords": [
           {
            "line": {
             "colorbar": {
              "outlinewidth": 0,
              "ticks": ""
             }
            },
            "type": "parcoords"
           }
          ],
          "pie": [
           {
            "automargin": true,
            "type": "pie"
           }
          ],
          "scatter": [
           {
            "fillpattern": {
             "fillmode": "overlay",
             "size": 10,
             "solidity": 0.2
            },
            "type": "scatter"
           }
          ],
          "scatter3d": [
           {
            "line": {
             "colorbar": {
              "outlinewidth": 0,
              "ticks": ""
             }
            },
            "marker": {
             "colorbar": {
              "outlinewidth": 0,
              "ticks": ""
             }
            },
            "type": "scatter3d"
           }
          ],
          "scattercarpet": [
           {
            "marker": {
             "colorbar": {
              "outlinewidth": 0,
              "ticks": ""
             }
            },
            "type": "scattercarpet"
           }
          ],
          "scattergeo": [
           {
            "marker": {
             "colorbar": {
              "outlinewidth": 0,
              "ticks": ""
             }
            },
            "type": "scattergeo"
           }
          ],
          "scattergl": [
           {
            "marker": {
             "colorbar": {
              "outlinewidth": 0,
              "ticks": ""
             }
            },
            "type": "scattergl"
           }
          ],
          "scattermapbox": [
           {
            "marker": {
             "colorbar": {
              "outlinewidth": 0,
              "ticks": ""
             }
            },
            "type": "scattermapbox"
           }
          ],
          "scatterpolar": [
           {
            "marker": {
             "colorbar": {
              "outlinewidth": 0,
              "ticks": ""
             }
            },
            "type": "scatterpolar"
           }
          ],
          "scatterpolargl": [
           {
            "marker": {
             "colorbar": {
              "outlinewidth": 0,
              "ticks": ""
             }
            },
            "type": "scatterpolargl"
           }
          ],
          "scatterternary": [
           {
            "marker": {
             "colorbar": {
              "outlinewidth": 0,
              "ticks": ""
             }
            },
            "type": "scatterternary"
           }
          ],
          "surface": [
           {
            "colorbar": {
             "outlinewidth": 0,
             "ticks": ""
            },
            "colorscale": [
             [
              0,
              "#0d0887"
             ],
             [
              0.1111111111111111,
              "#46039f"
             ],
             [
              0.2222222222222222,
              "#7201a8"
             ],
             [
              0.3333333333333333,
              "#9c179e"
             ],
             [
              0.4444444444444444,
              "#bd3786"
             ],
             [
              0.5555555555555556,
              "#d8576b"
             ],
             [
              0.6666666666666666,
              "#ed7953"
             ],
             [
              0.7777777777777778,
              "#fb9f3a"
             ],
             [
              0.8888888888888888,
              "#fdca26"
             ],
             [
              1,
              "#f0f921"
             ]
            ],
            "type": "surface"
           }
          ],
          "table": [
           {
            "cells": {
             "fill": {
              "color": "#EBF0F8"
             },
             "line": {
              "color": "white"
             }
            },
            "header": {
             "fill": {
              "color": "#C8D4E3"
             },
             "line": {
              "color": "white"
             }
            },
            "type": "table"
           }
          ]
         },
         "layout": {
          "annotationdefaults": {
           "arrowcolor": "#2a3f5f",
           "arrowhead": 0,
           "arrowwidth": 1
          },
          "autotypenumbers": "strict",
          "coloraxis": {
           "colorbar": {
            "outlinewidth": 0,
            "ticks": ""
           }
          },
          "colorscale": {
           "diverging": [
            [
             0,
             "#8e0152"
            ],
            [
             0.1,
             "#c51b7d"
            ],
            [
             0.2,
             "#de77ae"
            ],
            [
             0.3,
             "#f1b6da"
            ],
            [
             0.4,
             "#fde0ef"
            ],
            [
             0.5,
             "#f7f7f7"
            ],
            [
             0.6,
             "#e6f5d0"
            ],
            [
             0.7,
             "#b8e186"
            ],
            [
             0.8,
             "#7fbc41"
            ],
            [
             0.9,
             "#4d9221"
            ],
            [
             1,
             "#276419"
            ]
           ],
           "sequential": [
            [
             0,
             "#0d0887"
            ],
            [
             0.1111111111111111,
             "#46039f"
            ],
            [
             0.2222222222222222,
             "#7201a8"
            ],
            [
             0.3333333333333333,
             "#9c179e"
            ],
            [
             0.4444444444444444,
             "#bd3786"
            ],
            [
             0.5555555555555556,
             "#d8576b"
            ],
            [
             0.6666666666666666,
             "#ed7953"
            ],
            [
             0.7777777777777778,
             "#fb9f3a"
            ],
            [
             0.8888888888888888,
             "#fdca26"
            ],
            [
             1,
             "#f0f921"
            ]
           ],
           "sequentialminus": [
            [
             0,
             "#0d0887"
            ],
            [
             0.1111111111111111,
             "#46039f"
            ],
            [
             0.2222222222222222,
             "#7201a8"
            ],
            [
             0.3333333333333333,
             "#9c179e"
            ],
            [
             0.4444444444444444,
             "#bd3786"
            ],
            [
             0.5555555555555556,
             "#d8576b"
            ],
            [
             0.6666666666666666,
             "#ed7953"
            ],
            [
             0.7777777777777778,
             "#fb9f3a"
            ],
            [
             0.8888888888888888,
             "#fdca26"
            ],
            [
             1,
             "#f0f921"
            ]
           ]
          },
          "colorway": [
           "#636efa",
           "#EF553B",
           "#00cc96",
           "#ab63fa",
           "#FFA15A",
           "#19d3f3",
           "#FF6692",
           "#B6E880",
           "#FF97FF",
           "#FECB52"
          ],
          "font": {
           "color": "#2a3f5f"
          },
          "geo": {
           "bgcolor": "white",
           "lakecolor": "white",
           "landcolor": "#E5ECF6",
           "showlakes": true,
           "showland": true,
           "subunitcolor": "white"
          },
          "hoverlabel": {
           "align": "left"
          },
          "hovermode": "closest",
          "mapbox": {
           "style": "light"
          },
          "paper_bgcolor": "white",
          "plot_bgcolor": "#E5ECF6",
          "polar": {
           "angularaxis": {
            "gridcolor": "white",
            "linecolor": "white",
            "ticks": ""
           },
           "bgcolor": "#E5ECF6",
           "radialaxis": {
            "gridcolor": "white",
            "linecolor": "white",
            "ticks": ""
           }
          },
          "scene": {
           "xaxis": {
            "backgroundcolor": "#E5ECF6",
            "gridcolor": "white",
            "gridwidth": 2,
            "linecolor": "white",
            "showbackground": true,
            "ticks": "",
            "zerolinecolor": "white"
           },
           "yaxis": {
            "backgroundcolor": "#E5ECF6",
            "gridcolor": "white",
            "gridwidth": 2,
            "linecolor": "white",
            "showbackground": true,
            "ticks": "",
            "zerolinecolor": "white"
           },
           "zaxis": {
            "backgroundcolor": "#E5ECF6",
            "gridcolor": "white",
            "gridwidth": 2,
            "linecolor": "white",
            "showbackground": true,
            "ticks": "",
            "zerolinecolor": "white"
           }
          },
          "shapedefaults": {
           "line": {
            "color": "#2a3f5f"
           }
          },
          "ternary": {
           "aaxis": {
            "gridcolor": "white",
            "linecolor": "white",
            "ticks": ""
           },
           "baxis": {
            "gridcolor": "white",
            "linecolor": "white",
            "ticks": ""
           },
           "bgcolor": "#E5ECF6",
           "caxis": {
            "gridcolor": "white",
            "linecolor": "white",
            "ticks": ""
           }
          },
          "title": {
           "x": 0.05
          },
          "xaxis": {
           "automargin": true,
           "gridcolor": "white",
           "linecolor": "white",
           "ticks": "",
           "title": {
            "standoff": 15
           },
           "zerolinecolor": "white",
           "zerolinewidth": 2
          },
          "yaxis": {
           "automargin": true,
           "gridcolor": "white",
           "linecolor": "white",
           "ticks": "",
           "title": {
            "standoff": 15
           },
           "zerolinecolor": "white",
           "zerolinewidth": 2
          }
         }
        },
        "width": 680,
        "yaxis": {
         "scaleanchor": "x"
        }
       }
      }
     },
     "metadata": {},
     "output_type": "display_data"
    }
   ],
   "source": [
    "make_single_heatmap(families_64_c['Gradient Descent Variants and Applications'], model_64_c)"
   ]
  },
  {
   "cell_type": "code",
   "execution_count": 71,
   "metadata": {},
   "outputs": [],
   "source": [
    "def make_big_heatmap(family_names, families, model, save = None, display ='cooc'):\n",
    "    all_ids = []\n",
    "    all_names = []\n",
    "\n",
    "    for parent in family_names:\n",
    "        children = [child[0] for child in families[parent].children]\n",
    "        ids = [child[1] for child in families[parent].children]\n",
    "        densities = [model.norms[id] for id in ids]\n",
    "        \n",
    "        ids = list(np.array(ids)[np.argsort(densities)])\n",
    "        ids.append(model.clean_labels[parent]['index'])\n",
    "        all_ids.append(ids)\n",
    "        all_names.append(children + [parent])\n",
    "    \n",
    "    all_ids = [ind for sublist in all_ids for ind in sublist]\n",
    "    \n",
    "    # create matrix, normalized by the minimum of the norms of the two features\n",
    "    if display == 'cooc':\n",
    "        min_matrix = np.minimum.outer(model.norms, model.norms)\n",
    "        norm_mat = (model.mat / min_matrix)[all_ids][:, all_ids]\n",
    "    else:\n",
    "        min_matrix = 1\n",
    "        norm_mat = (model.actsims / min_matrix)[all_ids][:, all_ids]\n",
    "    np.fill_diagonal(norm_mat, 1)\n",
    "\n",
    "    heatmap = go.Heatmap(\n",
    "        z=norm_mat,\n",
    "        hoverongaps=False,\n",
    "        hovertemplate='Name: %{x} <br> %{y} <br> %{z}'\n",
    "    )\n",
    "\n",
    "    # Create the figure\n",
    "    fig = go.Figure(data=[heatmap])\n",
    "\n",
    "    # Update layout for better readability and show only parent labels\n",
    "    fig.update_layout(\n",
    "        width=480,\n",
    "        height=400,\n",
    "        margin=dict(l=20, r=20, t=20, b=20),\n",
    "    )\n",
    "    fig.update_yaxes(showticklabels=False)\n",
    "    fig.update_xaxes(showticklabels=False)\n",
    "    fig.show()\n",
    "    \n",
    "    if save: fig.write_image(save)\n",
    "    \n"
   ]
  },
  {
   "cell_type": "code",
   "execution_count": 72,
   "metadata": {},
   "outputs": [
    {
     "data": {
      "application/vnd.plotly.v1+json": {
       "config": {
        "plotlyServerURL": "https://plot.ly"
       },
       "data": [
        {
         "hoverongaps": false,
         "hovertemplate": "Name: %{x} <br> %{y} <br> %{z}",
         "type": "heatmap",
         "z": [
          [
           1,
           0.026058631,
           0.36970684,
           0.024429968,
           0.058631923,
           0.03257329,
           0.1009772,
           0.4495114,
           0.0026041667,
           0.0023640662,
           0,
           0.0020703934,
           0,
           0,
           0.0032573289,
           0.0016286644,
           0.0016286644,
           0.0032573289,
           0.0016286644,
           0.009771987,
           0.0032573289,
           0,
           0.008143323,
           0.008143323,
           0.014657981,
           0.045602605,
           0.052117262,
           0.007782101,
           0.004889976,
           0.0048859934,
           0.0016286644,
           0.0130293155,
           0.029315962,
           0.027687296,
